2 0.1552734375 0.4287109375 0.1259765625 0.0712890625
2 0.0732421875 0.4521484375 0.1171875 0.083984375
2 0.298828125 0.5390625 0.142578125 0.07421875
2 0.376953125 0.5 0.123046875 0.0859375
2 0.4677734375 0.4814453125 0.14453125 0.0693359375
2 0.171875 0.7548828125 0.1484375 0.0830078125
2 0.0380859375 0.6396484375 0.076171875 0.10546875
2 0.275390625 0.71484375 0.169921875 0.095703125
2 0.3798828125 0.6796875 0.1396484375 0.0908203125
2 0.6640625 0.5439453125 0.1083984375 0.0810546875
2 0.6142578125 0.5810546875 0.1484375 0.0634765625
2 0.521484375 0.607421875 0.181640625 0.08203125
2 0.4560546875 0.642578125 0.15625 0.0771484375
2 0.3466796875 0.8671875 0.16796875 0.1005859375
2 0.4365234375 0.830078125 0.1787109375 0.095703125