2 0.099609375 0.603515625 0.04296875 0.3515625
2 0.19140625 0.59375 0.041015625 0.2978515625
2 0.5068359375 0.6787109375 0.0283203125 0.2021484375
2 0.244140625 0.646484375 0.0283203125 0.2900390625
2 0.5322265625 0.728515625 0.03125 0.154296875
2 0.443359375 0.6279296875 0.0205078125 0.2041015625
2 0.158203125 0.712890625 0.01953125 0.0849609375
2 0.56640625 0.6181640625 0.02734375 0.2333984375
2 0.3955078125 0.6875 0.013671875 0.1884765625
2 0.470703125 0.6328125 0.0234375 0.2099609375
2 0.310546875 0.4521484375 0.01171875 0.0634765625
2 0.0830078125 0.6875 0.0185546875 0.1953125
2 0.3798828125 0.486328125 0.060546875 0.259765625