2 0.1015625 0.5478515625 0.1064453125 0.765625
2 0.1904296875 0.609375 0.0517578125 0.76953125
2 0.283203125 0.6201171875 0.064453125 0.759765625
2 0.80078125 0.630859375 0.0859375 0.7373046875
2 0.6044921875 0.615234375 0.0712890625 0.7685546875
2 0.69140625 0.64453125 0.0625 0.7109375
2 0.4951171875 0.5302734375 0.0498046875 0.9091796875
2 0.892578125 0.6328125 0.0830078125 0.7333984375
2 0.3828125 0.609375 0.0478515625 0.771484375
2 0.09765625 0.29296875 0.0361328125 0.220703125
2 0.49609375 0.1884765625 0.03515625 0.2138671875
2 0.91796875 0.375 0.033203125 0.2021484375