2 0.130859375 0.8388671875 0.12890625 0.322265625
2 0.2783203125 0.79296875 0.138671875 0.4140625
2 0.408203125 0.5126953125 0.12890625 0.9736328125
2 0.51171875 0.7998046875 0.091796875 0.400390625
2 0.6689453125 0.7724609375 0.134765625 0.4541015625
2 0.859375 0.759765625 0.1455078125 0.48046875
3 0.119140625 0.8193359375 0.076171875 0.21484375
3 0.2861328125 0.7158203125 0.0830078125 0.236328125
3 0.39453125 0.4384765625 0.056640625 0.7578125
3 0.5185546875 0.7060546875 0.0751953125 0.1708984375
3 0.6787109375 0.615234375 0.09765625 0.169921875
3 0.873046875 0.611328125 0.1181640625 0.169921875