2 0.5205078125 0.59375 0.041015625 0.77734375
2 0.4208984375 0.6181640625 0.0400390625 0.763671875
2 0.1591796875 0.775390625 0.052734375 0.4482421875
2 0.681640625 0.7294921875 0.04296875 0.541015625
2 0.3408203125 0.4404296875 0.041015625 0.486328125
2 0.033203125 0.7705078125 0.06640625 0.458984375
2 0.6552734375 0.630859375 0.0361328125 0.728515625
2 0.3330078125 0.80078125 0.0576171875 0.3955078125
2 0.111328125 0.71484375 0.07421875 0.568359375
2 0.755859375 0.587890625 0.064453125 0.8154296875
2 0.759765625 0.30859375 0.0478515625 0.2919921875
2 0.564453125 0.642578125 0.0341796875 0.712890625
2 0.6044921875 0.498046875 0.060546875 0.939453125
2 0.525390625 0.3603515625 0.0283203125 0.3525390625
2 0.345703125 0.2958984375 0.029296875 0.1943359375
2 0.482421875 0.7197265625 0.03515625 0.5556640625
2 0.2646484375 0.91796875 0.0615234375 0.1640625
2 0.48046875 0.5224609375 0.0322265625 0.2216796875