2 0.1416015625 0.2578125 0.068359375 0.3681640625
2 0.5771484375 0.466796875 0.0380859375 0.359375
2 0.4091796875 0.2841796875 0.037109375 0.375
2 0.6748046875 0.869140625 0.048828125 0.26171875
2 0.453125 0.6181640625 0.041015625 0.3681640625
2 0.453125 0.84375 0.0498046875 0.3125
2 0.083984375 0.8125 0.0625 0.3740234375
2 0.2802734375 0.6484375 0.0439453125 0.416015625
2 0.2578125 0.8349609375 0.05078125 0.330078125
2 0.515625 0.1689453125 0.0341796875 0.3369140625
2 0.9111328125 0.89453125 0.060546875 0.2099609375
2 0.3818359375 0.1572265625 0.037109375 0.314453125
2 0.7138671875 0.3056640625 0.0439453125 0.3984375
2 0.2724609375 0.216796875 0.037109375 0.291015625
2 0.2587890625 0.109375 0.037109375 0.21875
2 0.5556640625 0.314453125 0.0361328125 0.333984375
2 0.1416015625 0.0859375 0.0380859375 0.1669921875
2 0.9677734375 0.1884765625 0.0458984375 0.333984375
2 0.7568359375 0.5263671875 0.0478515625 0.388671875
2 0.87890625 0.34765625 0.05078125 0.34765625
2 0.658203125 0.1708984375 0.037109375 0.318359375
2 0.8095703125 0.177734375 0.0439453125 0.330078125
2 0.6357421875 0.7294921875 0.05078125 0.416015625
2 0.9404296875 0.6015625 0.0693359375 0.5234375
2 0.8291015625 0.763671875 0.0712890625 0.458984375
2 0.2587890625 0.7265625 0.025390625 0.1123046875