2 0.404296875 0.4560546875 0.16015625 0.1904296875
2 0.6455078125 0.6015625 0.1328125 0.1484375
2 0.3017578125 0.181640625 0.142578125 0.111328125
2 0.4375 0.115234375 0.1220703125 0.107421875
2 0.8681640625 0.419921875 0.1357421875 0.115234375
2 0.8583984375 0.7197265625 0.1494140625 0.126953125
2 0.5419921875 0.349609375 0.1103515625 0.119140625
2 0.943359375 0.6630859375 0.11328125 0.126953125
2 0.13671875 0.228515625 0.16015625 0.0927734375
2 0.0810546875 0.5703125 0.1591796875 0.1201171875
2 0.6513671875 0.27734375 0.1103515625 0.0908203125
2 0.75 0.8330078125 0.1494140625 0.15234375
2 0.7529296875 0.5146484375 0.1318359375 0.13671875
2 0.3671875 0.79296875 0.1611328125 0.2119140625
2 0.9423828125 0.37109375 0.1083984375 0.1083984375
2 0.548828125 0.0390625 0.1025390625 0.0732421875
2 0.9228515625 0.1484375 0.109375 0.09375
2 0.5068359375 0.6787109375 0.1025390625 0.078125
2 0.8369140625 0.1875 0.109375 0.107421875
2 0.2373046875 0.5341796875 0.1259765625 0.0908203125
2 0.19140625 0.888671875 0.1787109375 0.2177734375
2 0.7509765625 0.28125 0.0927734375 0.1142578125
2 0.599609375 0.9404296875 0.1279296875 0.10546875
2 0.0634765625 0.087890625 0.126953125 0.17578125