2 0.67578125 0.4208984375 0.0546875 0.1708984375
2 0.5576171875 0.2783203125 0.0390625 0.06640625
2 0.7060546875 0.685546875 0.0244140625 0.1318359375
2 0.431640625 0.5244140625 0.1083984375 0.0576171875
2 0.24609375 0.2763671875 0.0888671875 0.044921875
2 0.4560546875 0.4833984375 0.09765625 0.044921875
2 0.0712890625 0.0458984375 0.021484375 0.0810546875
2 0.1513671875 0.06640625 0.021484375 0.0595703125
2 0.451171875 0.1826171875 0.044921875 0.0546875
2 0.3115234375 0.21875 0.025390625 0.0576171875
2 0.50390625 0.3857421875 0.0283203125 0.046875