4 0.4560546875 0.41796875 0.177734375 0.1171875
4 0.4462890625 0.2255859375 0.1982421875 0.1572265625
4 0.0576171875 0.25390625 0.1083984375 0.1806640625
4 0.4423828125 0.564453125 0.162109375 0.1376953125
4 0.673828125 0.056640625 0.154296875 0.1044921875
4 0.1220703125 0.0869140625 0.2392578125 0.1689453125
4 0.12109375 0.4501953125 0.1650390625 0.390625
4 0.740234375 0.1103515625 0.1435546875 0.1708984375
4 0.279296875 0.318359375 0.1015625 0.33984375
4 0.365234375 0.404296875 0.0576171875 0.22265625
4 0.6220703125 0.8271484375 0.0859375 0.3232421875
4 0.150390625 0.7607421875 0.1396484375 0.4267578125
4 0.7275390625 0.595703125 0.1162109375 0.328125
4 0.9609375 0.6083984375 0.072265625 0.1826171875
4 0.8388671875 0.0966796875 0.0986328125 0.193359375
4 0.2294921875 0.3896484375 0.0810546875 0.2578125
4 0.27734375 0.1962890625 0.0791015625 0.1630859375
4 0.9462890625 0.919921875 0.1015625 0.154296875
4 0.373046875 0.7490234375 0.087890625 0.1513671875
4 0.462890625 0.318359375 0.0703125 0.1328125
4 0.6201171875 0.2529296875 0.109375 0.2890625
4 0.21875 0.037109375 0.08203125 0.072265625
4 0.31640625 0.73828125 0.09765625 0.173828125
4 0.19921875 0.2470703125 0.05078125 0.2216796875
4 0.59375 0.1513671875 0.08984375 0.0693359375
4 0.7958984375 0.515625 0.09375 0.37109375
4 0.439453125 0.8173828125 0.072265625 0.2373046875
4 0.4970703125 0.76171875 0.091796875 0.240234375
4 0.564453125 0.5107421875 0.0888671875 0.1982421875
4 0.2685546875 0.662109375 0.0703125 0.2294921875
4 0.365234375 0.9052734375 0.109375 0.09765625
4 0.5576171875 0.859375 0.072265625 0.25
4 0.9453125 0.7919921875 0.0400390625 0.1982421875
4 0.8642578125 0.31640625 0.076171875 0.10546875
4 0.0654296875 0.87890625 0.1259765625 0.1875
4 0.701171875 0.923828125 0.091796875 0.138671875
4 0.03125 0.3564453125 0.0615234375 0.169921875
4 0.673828125 0.78125 0.0625 0.115234375
4 0.34375 0.177734375 0.1005859375 0.2109375
4 0.4169921875 0.146484375 0.0830078125 0.1259765625
4 0.0810546875 0.7880859375 0.1484375 0.1591796875
4 0.2578125 0.8876953125 0.068359375 0.224609375
4 0.7109375 0.328125 0.0390625 0.2451171875
4 0.0419921875 0.5205078125 0.05859375 0.150390625
4 0.94921875 0.4091796875 0.0673828125 0.2373046875
4 0.2900390625 0.966796875 0.0986328125 0.06640625
4 0.8125 0.4189453125 0.052734375 0.208984375
4 0.0576171875 0.1357421875 0.0546875 0.0751953125
4 0.5263671875 0.099609375 0.068359375 0.19921875
4 0.8623046875 0.88671875 0.119140625 0.2041015625
4 0.380859375 0.0419921875 0.0888671875 0.0771484375
4 0.3056640625 0.59375 0.103515625 0.25
4 0.4560546875 0.08203125 0.0771484375 0.1640625
4 0.6171875 0.0908203125 0.05078125 0.076171875
4 0.8203125 0.7666015625 0.11328125 0.205078125
4 0.9306640625 0.193359375 0.0751953125 0.2490234375
4 0.6162109375 0.63671875 0.0703125 0.228515625
4 0.021484375 0.6923828125 0.0419921875 0.203125
4 0.5078125 0.9365234375 0.0576171875 0.123046875
4 0.970703125 0.30078125 0.048828125 0.1826171875
4 0.7431640625 0.2763671875 0.0390625 0.2646484375
4 0.0205078125 0.1142578125 0.0400390625 0.08984375
4 0.8837890625 0.4951171875 0.091796875 0.255859375
4 0.5634765625 0.658203125 0.08203125 0.2412109375
4 0.9130859375 0.091796875 0.0517578125 0.1279296875
4 0.787109375 0.287109375 0.060546875 0.263671875
4 0.0732421875 0.3671875 0.0498046875 0.234375
4 0.669921875 0.580078125 0.052734375 0.185546875
4 0.98046875 0.1484375 0.0390625 0.232421875
4 0.013671875 0.1796875 0.0263671875 0.138671875
4 0.7421875 0.0302734375 0.0947265625 0.056640625
4 0.7890625 0.95703125 0.0419921875 0.083984375
4 0.9296875 0.0400390625 0.04296875 0.078125