4 0.451171875 0.4296875 0.1669921875 0.1318359375
4 0.4013671875 0.232421875 0.123046875 0.1318359375
4 0.078125 0.7841796875 0.154296875 0.162109375
4 0.630859375 0.357421875 0.111328125 0.263671875
4 0.4306640625 0.638671875 0.1328125 0.24609375
4 0.3603515625 0.908203125 0.115234375 0.103515625
4 0.572265625 0.265625 0.1083984375 0.2578125
4 0.49609375 0.771484375 0.0947265625 0.251953125
4 0.06640625 0.880859375 0.130859375 0.1953125
4 0.166015625 0.0927734375 0.162109375 0.1171875
4 0.3369140625 0.1630859375 0.1025390625 0.201171875
4 0.3134765625 0.6318359375 0.11328125 0.3046875
4 0.5654296875 0.654296875 0.0830078125 0.236328125
4 0.4560546875 0.087890625 0.0771484375 0.17578125
4 0.6240234375 0.7666015625 0.0830078125 0.2197265625
4 0.8505859375 0.232421875 0.08203125 0.087890625
4 0.7197265625 0.513671875 0.1044921875 0.17578125
4 0.884765625 0.4921875 0.0888671875 0.251953125
4 0.625 0.9140625 0.09765625 0.171875
4 0.8193359375 0.7607421875 0.1103515625 0.2099609375
4 0.4619140625 0.314453125 0.0703125 0.1416015625
4 0.86328125 0.8828125 0.115234375 0.2177734375
4 0.828125 0.5 0.0849609375 0.248046875
4 0.0439453125 0.080078125 0.087890625 0.16015625
4 0.9072265625 0.7197265625 0.08984375 0.2421875
4 0.76171875 0.109375 0.1171875 0.158203125
4 0.140625 0.6572265625 0.103515625 0.2294921875
4 0.4404296875 0.81640625 0.0771484375 0.25
4 0.619140625 0.615234375 0.072265625 0.2216796875
4 0.55859375 0.86328125 0.07421875 0.2509765625
4 0.7080078125 0.1328125 0.11328125 0.1181640625
4 0.94921875 0.4072265625 0.06640625 0.2412109375
4 0.5654296875 0.5126953125 0.087890625 0.193359375
4 0.0458984375 0.259765625 0.0908203125 0.1669921875
4 0.0732421875 0.361328125 0.0517578125 0.244140625
4 0.5302734375 0.09765625 0.0703125 0.1953125
4 0.783203125 0.291015625 0.060546875 0.265625
4 0.2412109375 0.6220703125 0.078125 0.236328125
4 0.7529296875 0.626953125 0.0703125 0.294921875
4 0.2021484375 0.2216796875 0.04296875 0.1826171875
4 0.1171875 0.2998046875 0.0546875 0.185546875
4 0.8369140625 0.0615234375 0.0849609375 0.1220703125
4 0.162109375 0.369140625 0.123046875 0.267578125
4 0.2841796875 0.3857421875 0.0673828125 0.2275390625
4 0.9326171875 0.1748046875 0.0712890625 0.220703125
4 0.25390625 0.8828125 0.0634765625 0.2333984375
4 0.63671875 0.048828125 0.0888671875 0.083984375
4 0.0302734375 0.3515625 0.0595703125 0.1748046875
4 0.52734375 0.224609375 0.1220703125 0.1376953125
4 0.869140625 0.30859375 0.0791015625 0.1025390625
4 0.8671875 0.1064453125 0.0517578125 0.201171875
4 0.9453125 0.919921875 0.0966796875 0.1572265625
4 0.1611328125 0.869140625 0.1025390625 0.259765625
4 0.08984375 0.5478515625 0.10546875 0.2265625
4 0.697265625 0.681640625 0.083984375 0.162109375
4 0.6923828125 0.923828125 0.099609375 0.140625
4 0.7421875 0.279296875 0.0361328125 0.275390625
4 0.4951171875 0.5126953125 0.0966796875 0.11328125
4 0.2666015625 0.2548828125 0.0830078125 0.1943359375
4 0.4169921875 0.1484375 0.07421875 0.1162109375
4 0.318359375 0.4775390625 0.0380859375 0.240234375
4 0.7421875 0.03125 0.08984375 0.060546875
4 0.3623046875 0.404296875 0.0546875 0.23046875
4 0.814453125 0.66015625 0.0791015625 0.1708984375
4 0.3310546875 0.0556640625 0.0625 0.099609375
4 0.2109375 0.0361328125 0.0947265625 0.068359375
4 0.65234375 0.6904296875 0.0703125 0.109375
4 0.29296875 0.9609375 0.099609375 0.0771484375
4 0.595703125 0.1552734375 0.1083984375 0.0771484375
4 0.689453125 0.060546875 0.0830078125 0.083984375
4 0.1962890625 0.560546875 0.048828125 0.1708984375
4 0.021484375 0.68359375 0.04296875 0.1806640625
4 0.3779296875 0.046875 0.0888671875 0.083984375
4 0.98046875 0.1435546875 0.0390625 0.2431640625
4 0.67578125 0.189453125 0.052734375 0.1357421875
4 0.91015625 0.1015625 0.046875 0.13671875
4 0.69140625 0.8125 0.0673828125 0.0888671875
4 0.0361328125 0.21875 0.044921875 0.0537109375
4 0.404296875 0.349609375 0.0458984375 0.076171875
4 0.140625 0.0283203125 0.0498046875 0.05078125
4 0.818359375 0.9130859375 0.0546875 0.171875
4 0.013671875 0.1806640625 0.0263671875 0.14453125
4 0.9814453125 0.6650390625 0.037109375 0.1337890625
4 0.9775390625 0.3427734375 0.033203125 0.1513671875
4 0.302734375 0.8564453125 0.0595703125 0.1435546875
4 0.0322265625 0.5 0.0556640625 0.1630859375
4 0.6142578125 0.0908203125 0.0458984375 0.0732421875
4 0.0576171875 0.0380859375 0.046875 0.076171875
4 0.0947265625 0.03125 0.0498046875 0.0615234375