0 0.25 0.119140625 0.146484375 0.126953125
0 0.4189453125 0.322265625 0.14453125 0.5478515625
0 0.75390625 0.5869140625 0.4140625 0.8251953125
0 0.1318359375 0.7744140625 0.0283203125 0.0810546875
3 0.2587890625 0.1162109375 0.078125 0.052734375
3 0.40234375 0.2109375 0.0771484375 0.1728515625
0 0.85546875 0.392578125 0.13671875 0.216796875
0 0.525390625 0.5 0.853515625 1
7 0.3193359375 0.1064453125 0.1533203125 0.1572265625
7 0.296875 0.6357421875 0.2958984375 0.529296875
7 0.443359375 0.19140625 0.1259765625 0.212890625
7 0.623046875 0.541015625 0.2841796875 0.91796875
7 0.8095703125 0.349609375 0.16796875 0.3603515625