2 0.0703125 0.650390625 0.0390625 0.1455078125
2 0.7431640625 0.6298828125 0.0224609375 0.115234375
2 0.1728515625 0.650390625 0.0390625 0.1787109375
2 0.4755859375 0.6201171875 0.037109375 0.18359375
2 0.4375 0.638671875 0.025390625 0.166015625
2 0.353515625 0.6279296875 0.0517578125 0.1767578125
2 0.2353515625 0.6484375 0.0498046875 0.197265625
2 0.580078125 0.6201171875 0.0244140625 0.177734375
2 0.1181640625 0.6806640625 0.0458984375 0.1767578125
2 0.5380859375 0.5966796875 0.02734375 0.203125
2 0.416015625 0.6376953125 0.0263671875 0.1572265625
2 0.6064453125 0.595703125 0.0244140625 0.2109375
2 0.03125 0.6962890625 0.0478515625 0.19921875
2 0.3193359375 0.6318359375 0.0341796875 0.1865234375
2 0.6728515625 0.6171875 0.03125 0.1728515625
2 0.4521484375 0.4970703125 0.0390625 0.0966796875
2 0.8134765625 0.5888671875 0.060546875 0.3212890625
2 0.9228515625 0.6611328125 0.02734375 0.1171875
2 0.896484375 0.640625 0.025390625 0.1318359375
2 0.646484375 0.6064453125 0.0302734375 0.3359375
2 0.5009765625 0.6279296875 0.0361328125 0.1708984375
2 0.9716796875 0.572265625 0.033203125 0.2734375
2 0.765625 0.5908203125 0.0400390625 0.1923828125
2 0.9404296875 0.6484375 0.0263671875 0.1083984375