2 0.79296875 0.5009765625 0.0380859375 0.09765625
2 0.0126953125 0.484375 0.025390625 0.0908203125
2 0.1689453125 0.4638671875 0.01953125 0.08984375
2 0.6611328125 0.525390625 0.0283203125 0.1025390625
2 0.2578125 0.7353515625 0.05859375 0.16015625
2 0.5712890625 0.546875 0.0166015625 0.0458984375
2 0.3232421875 0.455078125 0.01953125 0.0849609375
2 0.5224609375 0.6201171875 0.0283203125 0.13671875
2 0.3251953125 0.5009765625 0.1171875 0.1591796875
2 0.76171875 0.513671875 0.02734375 0.095703125
2 0.166015625 0.517578125 0.1337890625 0.1689453125
2 0.0517578125 0.5439453125 0.099609375 0.19921875
2 0.6025390625 0.5205078125 0.0185546875 0.0419921875
2 0.2451171875 0.818359375 0.2021484375 0.2978515625
2 0.408203125 0.6328125 0.03515625 0.078125